3
0.741458
0.490437
0.776938
0.855803
2.4765
3.24908
1.36172
2.36846
0.58781
0.727278
0.165051
0.393897
0.725074
0.322429
-0.745664
-0.0320254
993.032
8.27922
1
0
1.5
4
3.5877
4
7.33157
4
109.917
3
0.765186
0.402851
0.685065
0.921452
2.5
3.0198
1.14225
2.07221
0.531946
0.69685
0.196114
0.481192
0.821277
0.352619
-0.75
-0.034669
1000
8.32011
1
0
1.5
4
3.58949
4
7.17741
4
130.311
3
0.792262
0.509397
0.622764
0.771186
2.5
3.06418
1.2181
2.26998
0.720395
0.752956
0.1184
0.404576
0.647783
0.442757
-0.697074
-0.0475294
1000
10
1
0
1.5
4
3.57285
4
7.20501
4
144.559
3
0.780141
0.315855
0.804081
0.886131
2.5
3.77813
1.60738
1.8867
0.640424
0.874935
0.201562
0.405233
0.668456
0.216174
-0.75
-0.0197001
1000
10
1
0
1.5
4
3.48213
4
7.10206
4
193.974
3
0.836223
0.315329
0.901548
0.544114
2.29137
2.51918
1.66657
2.17494
0.515243
0.638613
0.156683
0.289487
0.9
0.41612
-0.719295
-0.0110258
772.168
10
1
0
1.5
4
3.19566
4
6.70391
4
192.949
3
0.732141
0.480085
0.69695
1.11482
2.47785
2.47593
1.33858
2.00544
0.69096
0.522374
0.101975
0.459817
0.851956
0.412253
-0.75
-0.0262182
992.131
10
1
0
1.5
4
3.82705
4
7.48193
4
204.928
3
0.843102
0.440426
0.844089
0.718866
2.40133
3.02113
1.27095
2.272
0.908621
0.845971
0.0812212
0.239626
0.380154
0.436336
-0.75
-0.0307526
850.402
9.31448
1
0
1.5
4
3.50239
4
7.18824
4
212.775
3
0.808485
0.383714
1
0.667958
2.47447
3.29971
1.28491
1.83104
1
0.847097
0.0714888
0.332902
0.463644
0.171655
-0.75
-0.0383426
855.011
9.36278
1
0
1.5
4
3.36016
4
7.21834
4
223.536
3
0.868958
0.389973
0.917376
0.51861
2.41996
3.14212
1.03022
1.82598
0.86012
0.622546
0.397571
0.199378
0.40913
0.480853
-0.711019
-0.05
817.694
9.88118
1
0
1.5
4
3.27754
4
7.00485
4
232.338
3
0.935363
0.350197
0.898378
0.586672
2.45104
1.78262
1
1.96223
0.93816
0.563523
0.05
0.0563404
0.521609
0.459389
-0.718644
-0.05
950.93
10
1
0
1.5
4
3.37223
4
7.07185
4
275.313
3
0.953285
0.522478
1
1.22959
2.44756
3.04964
1
2.59978
0.931016
1
0.221756
0.143771
0.524957
0.822564
-0.675833
-0.05
863.164
10
1
0
1.5
4
4.20535
4
8.1754
4
229.533
3
0.914003
0.361434
0.828986
0.505916
2.46169
2.76022
1.13033
2.03677
0.987211
0.690476
0.0586544
0.166686
0.303855
0.44274
-0.75
-0.05
985.105
9.80284
1
0
1.5
4
3.28135
4
6.93347
4
246.281
3
0.847594
0.408865
0.926707
1.25917
2.5
2.68229
1.09406
2.20396
1
0.775959
0.145959
0.181067
0.250235
0.9
-0.681527
-0.05
829.049
7.9408
1
0
1.5
4
4.01563
4
7.8512
4
268.005
3
0.972301
0.376604
0.846103
0.5
2.5
2.13976
1.17766
2.2384
1
0.409001
0.07741
0.0623283
0.655645
0.435448
-0.739053
-0.0432741
1000
10
1
0
1.5
4
3.3489
4
7.07161
4
275.473
3
0.960236
0.329727
0.849264
0.543527
2.48562
1.96331
2.05075
2.21194
1
0.623363
0.065756
0.0527623
0.573876
0.431397
-0.70751
-0.036664
877.912
9.9475
1
0
1.5
4
3.33349
4
6.9981
4
273.664
3
1
0.416662
0.92781
0.5
2.5
2.29887
1.2118
2.52923
1
0.325562
0.169847
0.0066702
0.590669
0.485654
-0.75
-0.0269573
941.142
10
1
0
1.5
4
3.41666
4
7.26113
4
280.874
3
0.867222
0.663331
1
1.49372
2.5
3.39577
1
2.60327
0.882307
0.794543
0.308026
0.0713996
0.349167
0.536016
-0.749856
-0.0260974
980.685
7.61843
1
0
1.5
4
4.52428
4
8.68761
4
267.449
3
1
0.425908
1
0.510533
2.5
2.13056
1.21244
2.13099
1
0.439686
0.05
0.115304
0.602516
0.47185
-0.75
-0.05
945.733
10
1
0
1.5
4
3.43644
4
7.36235
4
269.616
3
1
0.428339
0.87022
0.5
2.5
1.45614
1
1.94335
0.996986
0.580415
0.200316
0.0328982
0.549528
0.625052
-0.738428
-0.05
932.075
10
1
0
1.5
4
3.42834
4
7.2269
4
250.299
3
0.99229
0.349856
0.818829
0.531933
2.5
2.42513
1.11138
1.81608
1
0.562539
0.05
0.0725248
0.768052
0.391513
-0.75
-0.05
966.822
8.81528
1
0
1.5
4
3.37408
4
7.04276
4
287.36
3
0.978193
0.33168
0.90187
0.5
2.5
2.34502
1.82404
2.04348
0.99643
0.293583
0.217549
0.125249
0.529955
0.393067
-0.709029
-0.0110391
1000
8.92484
1
0
1.5
4
3.30987
4
7.04342
4
262.482
3
0.91991
0.338451
1
0.5
2.5
2.12819
1.27831
1.55571
1
0.534942
0.0597173
0.250631
0.699329
0.263014
-0.731724
-0.0323095
857.594
9.53506
1
0
1.5
4
3.25836
4
7.09681
4
261.169
3
0.915466
0.330441
1
0.533557
2.5
2.05909
1.27201
1.24487
0.998698
0.497931
0.0661836
0.318007
0.709355
0.311419
-0.75
-0.0384852
858.989
9.98898
1
0
1.5
4
3.27946
4
7.1099
4
291.968
3
1
0.475004
1
0.5
2.5
3.27367
1.22308
2.7738
1
0.259438
0.075987
0.194215
0.500555
0.223324
-0.75
-0.0131656
1000
10
1
0
1.5
4
3.475
4
7.45001
4
277.659
3
0.977279
0.561969
1
0.72565
2.5
3.80263
1.16693
2.83382
0.970079
0.281731
0.105493
0.0793486
0.600084
0.0344817
-0.75
-0.0124539
1000
9.86696
1
0
1.5
4
3.7649
4
7.82687
4
266.693
3
1
0.480817
1
0.5
2.5
3.15499
1.04204
3.32448
0.918759
0.325304
0.05
0.0912576
0.33246
0.184547
-0.747121
-0.0146481
936.435
10
1
0
1.5
4
3.48082
4
7.46163
4
265.779
3
1
0.457879
1
0.5
2.5
3.10118
1.08123
3.22187
0.810768
0.306563
0.05
0.244556
0.395298
0.201889
-0.75
-0.0183236
1000
10
1
0
1.5
4
3.45788
4
7.41576
4
255.051
3
1
0.451681
0.951875
0.5
2.5
3.61162
1.02908
3.6459
0.843012
0.0958238
0.05
0
0.244686
0.131536
-0.75
0.00575269
980.319
10
1
0
1.5
4
3.45168
4
7.35524
4
264.464
3
0.904102
0.487399
1
0.623739
2.5
3.66123
1
2.62719
0.802948
0.273754
0.180011
0.00941196
0.311825
0.486613
-0.75
-0.0463785
839.084
10
1
0
1.5
4
3.51524
4
7.50264
4
271.376
3
0.983173
0.385327
1
0.5
2.41709
2.27308
1.65571
2.13356
1
0.77752
0.05
0
0.727271
0.27974
-0.75
-0.0392162
910.344
10
1
0
1.5
4
3.3685
4
7.17091
4
275.399
3
1
0.40638
0.889392
0.5
2.5
1.77235
1.36056
1.96934
1
0.86932
0.094637
0.118035
0.734479
0.196721
-0.75
-0.041842
897.157
10
1
0
1.5
4
3.40638
4
7.20215
4
263.515
3
0.882392
0.424499
0.790134
0.5
2.37149
3.1484
1.0133
2.86277
1
0.0570285
0.235618
0
0.325011
0.18271
-0.75
-0.0220303
808.375
9.98429
1
0
1.5
4
3.30689
4
6.89302
4
274.881
3
0.838552
0.460376
1
0.827571
2.5
3.2615
1
2.41032
0.788448
0.203144
0.0880873
0.141988
0.559946
0.351192
-0.732031
-0.0479494
912.241
10
1
0
1.5
4
3.6265
4
7.58687
4
260.011
3
0.980726
0.465579
1
0.570573
2.5
3.42063
1.57652
2.6383
0.498366
0.404887
0.187897
0
0.43244
0.351452
-0.75
-0.05
858.108
10
1
0
1.5
4
3.51688
4
7.48246
4
267.573
3
1
0.487246
0.983462
0.661186
2.5
3.56856
1.85601
3.21366
1
0.205228
0.05
0
0.497265
0.201307
-0.732174
-0.0192607
935.095
10
1
0
1.5
4
3.64843
4
7.61914
4
259.336
3
0.943245
0.374088
0.958307
0.592387
2.5
2.59813
1.71622
2.68752
0.848583
0.0842743
0.05
0.188361
0.0141297
0.513348
-0.75
-0.0402401
1000
10
1
0
1.5
4
3.40972
4
7.24212
4
256.158
3
0.922112
0.442373
1
0.626088
2.47799
2.6809
1
1.76654
0.548303
0.258442
0.0786657
0.0206683
0.564681
0.270658
-0.75
-0.00746936
1000
10
1
0
1.5
4
3.49057
4
7.41093
4
264.586
3
1
0.577664
0.958385
0.559793
2.48026
4
1.29709
3.45075
0.954495
0.534239
0.05
0.0850554
0.499193
0.25873
-0.75
0.00137339
1000
10
1
0
1.5
4
3.63746
4
7.65377
4
264.121
3
0.939692
0.472045
0.90193
0.5
2.5
3.83832
1
3.69514
1
0.5225
0.0961714
0.0354601
0.48172
0.308536
-0.75
-0.00121401
1000
10
1
0
1.5
4
3.41174
4
7.28571
4
259.968
3
0.910369
0.483909
1
0.772205
2.5
4
1.1853
2.73988
1
0.05
0.390667
0.0149301
0.791846
0.269966
-0.75
0.0152623
979.652
9.81665
1
0
1.5
4
3.66648
4
7.65039
4
259.918
3
0.983014
0.405033
0.935946
0.5
2.5
3.13638
1
2.65811
0.917653
0.583272
0.221832
0.0445871
0.0409428
0.318178
-0.75
-0.00119983
954.133
9.91569
1
0
1.5
4
3.38805
4
7.22903
4
259.307
3
1
0.398866
0.88098
0.5
2.5
2.44229
1.21433
2.38897
0.758966
0.528521
0.05
0
0.25751
0.111265
-0.723661
-0.0190936
1000
10
1
0
1.5
4
3.39887
4
7.17871
4
301.359
3
0.852524
0.431907
0.942352
0.800307
2.4874
3.27164
1.35572
2.99465
0.901162
0.228606
0.0756961
0
0.020691
0.344212
-0.75
-0.0424221
1000
10
1
0
1.5
4
3.58474
4
7.44639
4
260.432
3
1
0.401396
1
0.503265
2.5
2.93409
1.1955
2.21067
1
0.517237
0.220345
0.116145
0.711145
0.113392
-0.714859
0.0498891
843.689
9.98106
1
0
1.5
4
3.40466
4
7.30606
4
263.062
3
0.897546
0.448684
0.864558
0.749595
2.5
3.14162
1.21092
3.4735
0.784005
0.220734
0.05
0.0354508
0
0.370664
-0.75
-0.0366925
903.123
10
1
0
1.5
4
3.59582
4
7.40907
4
266.052
3
0.96672
0.392703
0.762083
0.5
2.5
3.08789
1.42648
3.71374
0.726234
0.439735
0.0536639
0.065407
0.787169
0.412955
-0.75
0.0191021
1000
9.99298
1
0
1.5
4
3.35942
4
7.01421
4
270.218
3
0.855407
0.36146
0.843566
0.5
2.5
3.31391
1.06174
2.02521
0.893914
0.05
0.117895
0
0.818268
0.200901
-0.75
0.0662692
1000
10
1
0
1.5
4
3.21687
4
6.92189
4
264.464
3
0.950894
0.439128
0.954155
0.530404
2.49303
3.07638
1
2.57966
0.890648
0.662771
0.0881057
0
0.341204
0.0774094
-0.75
-8.27952e-05
942.767
9.67119
1
0
1.5
4
3.42043
4
7.30674
4
284.168
3
0.985172
0.458043
0.792911
0.5
2.5
3.16341
1.20482
3.60615
0.886434
0.351225
0.05
0.137563
0.011874
0.472509
-0.75
-0.0405097
1000
10
1
0
1.5
4
3.44321
4
7.19417
4
272.624
3
0.949019
0.459564
0.822747
0.5
2.5
3.26949
1.31492
3.67732
0.992689
0.426084
0.05
0.130225
0
0.42011
-0.75
-0.0420341
951.631
10
1
0
1.5
4
3.40858
4
7.19089
4
264.216
3
0.911628
0.4754
0.946505
0.685449
2.5
3.41552
1
2.99155
0.952553
0.858066
0.24063
0
0.230977
0.149155
-0.75
0.0183159
1000
10
1
0
1.5
4
3.57248
4
7.49438
4
266.462
3
1
0.445427
0.962408
0.514273
2.5
3.63229
1.33612
3.18617
0.651512
0.764688
0.413051
0.0372874
0.382697
0.125797
-0.75
0.00185452
899.477
10
1
0
1.5
4
3.4597
4
7.36754
4
263.187
3
0.988866
0.45004
0.959513
0.55965
2.5
2.92345
1.12793
2.79548
0.951013
0.0869295
0.05
0.0899042
0.635472
0.126807
-0.736367
0.0236349
1000
10
1
0
1.5
4
3.49855
4
7.40811
4
285.026
3
1
0.369932
0.933214
0.5
2.5
2.70182
1.55826
2.20707
1
0.104809
0.11556
0.00253794
0.592913
0.389448
-0.691892
0.0331683
1000
10
1
0
1.5
4
3.36993
4
7.17308
4
281.033
3
0.946788
0.408811
1
0.5
2.40254
3.12109
1
2.28262
0.813893
0.120976
0.05
0.286169
0.9
0.0777152
-0.75
0.0695665
957.133
10
1
0
1.5
4
3.3556
4
7.16695
4
260.748
3
0.962657
0.727925
0.998924
0.896642
2.5
3.92183
1
3.28805
0.908967
0.05
0.408425
0.0589674
0.684063
0.212299
-0.75
0.0569967
1000
10
1
0
1.5
4
4.08722
4
8.31407
4
262.57
3
0.843946
0.556455
1
1.17965
2.5
3.91011
1.00848
2.70456
0.98346
0.05
0.299555
0.104845
0.9
0.486441
-0.75
0.0598003
1000
9.60487
1
0
1.5
4
4.08005
4
8.1365
4
261.482
3
0.795096
0.55795
1
1.1206
2.5
3.88772
1
2.40898
1
0.05
0.178572
0.107447
0.888539
0.500553
-0.75
0.0528969
964.743
9.80081
1
0
1.5
4
3.97364
4
8.03159
4
258.318
3
0.906633
0.579566
1
0.846166
2.5
3.93663
1.24361
2.41824
1
0.0792113
0.386938
0.281396
0.827209
0.375271
-0.75
0.0416918
1000
10
1
0
1.5
4
3.83236
4
7.91193
4
269.046
3
0.870523
0.480257
1
0.669785
2.5
4
1
2.33297
1
0.0578212
0.229514
0.00580626
0.790912
0.520394
-0.75
0.0641908
1000
10
1
0
1.5
4
3.52057
4
7.50082
4
264.569
3
0.788843
0.440666
1
0.836079
2.5
3.85435
1
2.22399
1
0.078964
0.206775
0
0.857086
0.629821
-0.747415
0.0515051
975.078
9.37497
1
0
1.5
4
3.56559
4
7.50625
4
265.05
3
0.872065
0.599805
0.962797
1.22095
2.5
2.96577
1
2.30661
0.952491
0.0632255
0.0706371
0
0.833616
0.586473
-0.719611
0.0589329
811.125
9.22706
1
0
1.5
4
4.19282
4
8.25542
4
252.655
3
0.877626
0.371733
0.865962
0.55886
2.40579
4
2.00474
3.3399
0.945548
0.05
0.05
0.0288382
0.845937
0.464925
-0.726727
0.0270697
891.388
9.7896
1
0
1.5
4
3.30822
4
6.9517
4
270.406
3
0.869178
0.596551
1
1.09788
2.5
3.43789
1
2.81046
0.950608
0.187285
0.05
0.0544353
0.487488
0.0466029
-0.707802
0.0824518
1000
9.81531
1
0
1.5
4
4.06361
4
8.16016
4
264.452
3
0.860748
0.535444
0.92645
1.33187
2.5
3.85078
1.14351
2.39891
0.825327
0.05
0.526631
0.112347
0.685735
0.44951
-0.69646
0.0452853
917.054
10
1
0
1.5
4
4.22807
4
8.18996
4
255.107
3
1
0.487315
0.979762
0.645721
2.5
3.60651
1.5429
3.23455
1
0.208415
0.05
0
0.885197
0.598824
-0.75
0.0318834
909.916
10
1
0
1.5
4
3.63304
4
7.60011
4
246.516
3
0.978241
0.672333
0.993132
0.960596
2.41307
3.09397
1
2.3394
0.727481
0.117981
0.217396
0
0.530872
0.478886
-0.725781
0.0836018
983.466
9.5134
1
0
1.5
4
4.11117
4
8.1897
4
264.007
3
0.767683
0.567217
1
1.13459
2.38546
4
1.04726
2.90866
1
0.0985518
0.215369
0
0.268179
0.494156
-0.75
0.0880184
882.282
10
1
0
1.5
4
3.96949
4
7.92217
4
257.762
3
0.819444
0.587624
0.935603
1.19876
2.5
3.99231
1
2.59376
0.999525
0.124691
0.173901
0.0900564
0.279093
0.379234
-0.75
0.0920607
892.08
9.75442
1
0
1.5
4
4.10583
4
8.12906
4
254.111
3
0.9817
0.548076
1
1.03692
2.4529
2.42944
1
2.33921
1
0.264669
0.0833889
0
0.391292
0.657987
-0.75
0.0865135
945.516
9.88175
1
0
1.5
4
4.06669
4
8.06767
4
244.341
3
0.767829
0.373942
0.845906
0.948683
2.5
2.70697
1
2.21981
0.785808
0.112028
0.05
0.193772
0.811367
0.546513
-0.75
0.067097
876.705
10
1
0
1.5
4
3.59045
4
7.3103
4
258.14
3
0.961083
0.62308
0.981228
1.0526
2.5
3.28951
1
2.67487
1
0.134289
0.177767
0.0242119
0.446448
0.483019
-0.715694
0.1
838.158
10
1
0
1.5
4
4.13676
4
8.24107
4
261.533
3
0.790747
0.658173
0.940173
1.21131
2.5
3.92045
1.02053
3.09211
0.930078
0.0858542
0.05
0
0.541764
0.188654
-0.75
0.0579847
902.746
10
1
0
1.5
4
4.16023
4
8.25858
4
269.217
3
0.819647
0.486758
1
0.815078
2.5
3.54813
1
2.78475
0.937694
0.05
0.172201
0.0782466
0.772385
0.466447
-0.736211
0.1
944.773
10
1
0
1.5
4
3.62148
4
7.60824
4
270.895
3
0.918241
0.453608
0.891812
0.633645
2.4959
3.1117
1
2.80581
0.956055
0.421014
0.116688
0.010557
0.438562
0.0186591
-0.75
0.0273246
1000
10
1
0
1.5
4
3.50549
4
7.34681
4
271.085
3
1
0.562233
0.972251
0.588845
2.5
3.99239
1
2.84693
0.703949
0.207664
0.279594
0
0.402677
0.414394
-0.75
0.0894535
947.097
9.81655
1
0
1.5
4
3.65108
4
7.68556
4
258.211
3
0.792873
0.4983
0.904133
1.23003
2.5
3.81066
1.45066
2.69831
0.950029
0.110902
0.05
0.0135154
0.660461
0.181767
-0.75
0.1
802.441
9.89008
1
0
1.5
4
4.0212
4
7.92363
4
254.281
3
0.943094
0.635527
0.911294
0.961208
2.45482
3.82466
1.14515
3.79408
0.807207
0.397404
0.413429
0.0252126
0.424962
0.511909
-0.75
0.1
960.555
8.88396
1
0
1.5
4
4.03983
4
8.04147
4
264.728
3
0.84619
0.535223
0.96164
0.81229
2.5
3.62839
1
3.12402
0.846449
0.159863
0.0906528
0
0.9
0.381911
-0.75
0.0882644
1000
10
1
0
1.5
4
3.6937
4
7.69057
4
264.609
3
0.893734
0.565886
0.839027
0.819421
2.5
4
1
3.35179
1
0.0587158
0.065364
0.051382
0.644756
0.184488
-0.75
0.0991882
965.101
9.77381
1
0
1.5
4
3.77904
4
7.68395
4
253.637
3
0.896716
0.625865
1
0.79336
2.43803
3.82608
1
2.83867
0.783734
0.177122
0.192506
0
0.237129
0.451261
-0.75
0.0754985
934.057
9.37475
1
0
1.5
4
3.81594
4
7.87984
4
260.52
3
0.923789
0.548499
0.920108
0.835364
2.5
4
1
2.76687
0.992863
0.05
0.358144
0.0405826
0.638822
0.233686
-0.739766
0.0865838
968.899
9.68471
1
0
1.5
4
3.80765
4
7.77626
4
252.568
3
0.827124
0.514858
0.958205
0.968599
2.5
4
1.19621
3.52604
0.982835
0.05
0.325809
0
0.692467
0.355278
-0.747512
0.0913834
954.706
10
1
0
1.5
4
3.81058
4
7.78364
4
264.398
3
0.754735
0.494784
1
1.31749
2.48572
4
1.11622
2.20781
0.896446
0.05
0.253742
0
0.837296
0.397984
-0.695083
0.1
937.997
10
1
0
1.5
4
4.06701
4
8.04751
4
264.17
3
1
0.71311
1
0.932101
2.5
3.8564
1.37394
3.26441
1
0.170425
0.0902849
0
0.285219
0.474235
-0.75
0.0944547
1000
8.90381
1
0
1.5
4
4.14521
4
8.35832
4
249.162
3
0.869392
0.557073
1
1.2402
2.5
4
1.09522
2.14728
1
0.05
0.316242
0.0839541
0.9
0.314221
-0.711908
0.0853397
986.214
10
1
0
1.5
4
4.16666
4
8.22374
4
254.075
3
0.770585
0.617707
0.946533
1.19827
2.5
4
1.01855
2.15103
1
0.0744612
0.405729
0.0312804
0.9
0.270624
-0.743298
0.0816084
953.634
10
1
0
1.5
4
4.08657
4
8.15081
4
254.725
3
0.767024
0.600791
0.99273
1.63526
2.5
3.80958
1.16762
1.90838
0.860965
0.05
0.316422
0.0398391
0.627991
0.299435
-0.740263
0.0882741
945.94
7.97624
1
0
1.5
4
4.50307
4
8.59659
4
270.769
3
0.728571
0.468886
0.957796
1.05397
2.45806
3.94279
1
2.38396
0.939779
0.263414
0.05
0.0114597
0.778663
0.516223
-0.75
0.091768
953.287
8.73542
1
0
1.5
4
3.75143
4
7.63617
4
256.004
3
0.82806
0.552035
1
1.10102
2.5
3.66405
1.02647
1.94733
0.712629
0.0741816
0.393623
0
0.788268
0.408655
-0.75
0.0740947
919.036
8.24355
1
0
1.5
4
3.98111
4
8.03315
4
250.824
3
0.879398
0.615792
0.995888
1.00491
2.41149
4
1.09911
2.67579
0.917863
0.476687
0.05
0.0120562
0.354817
0.477288
-0.749626
0.0548647
1000
8.32341
1
0
1.5
4
4.0001
4
8.02326
4
253.292
3
0.830177
0.499617
1
1.63461
2.5
3.65765
1.32469
2.2612
0.937105
0.05
0.0981539
0
0.260225
0.542967
-0.715577
0.0353672
872.752
9.66716
1
0
1.5
4
4.4644
4
8.46402
4
252.691
3
1
0.539995
0.91627
0.786526
2.5
3.25825
1.02046
2.61483
0.940469
0.141064
0.143102
0
0.743183
0.460023
-0.739353
0.0665307
749.16
8.98655
1
0
1.5
4
3.82652
4
7.78279
4
255.021
3
0.819455
0.545869
0.938981
1.0932
2.5
2.89834
1
1.58594
0.868838
0.0919282
0.32821
0.0183259
0.603737
0.400645
-0.727365
0.0875777
869.413
10
1
0
1.5
4
3.95852
4
7.94337
4
270.598
3
0.798778
0.54152
1
1.45415
2.5
4
1.06574
2.0718
0.850696
0.0841289
0.0724012
0
0.417363
0.356144
-0.730278
0.0267186
959.223
10
1
0
1.5
4
4.29444
4
8.33596
4
260.76
3
0.766407
0.515225
0.905861
1.21975
2.5
4
1.3819
2.60386
0.979421
0.05
0.123879
0
0.523549
0.419372
-0.707516
0.0846822
992.656
10
1
0
1.5
4
4.00138
4
7.92247
4
256.166
3
0.832473
0.524428
1
1.42663
2.49867
4
1.18743
2.53285
0.870944
0.102306
0.0721532
0.0123613
0.535052
0.565893
-0.687089
0.0906188
984.443
10
1
0
1.5
4
4.28353
4
8.30663
4
264.011
3
0.823536
0.55799
0.966462
1.48579
2.5
4
1.40897
2.4916
0.931136
0.159087
0.05
0
0.604085
0.555647
-0.730241
0.0943143
1000
10
1
0
1.5
4
4.36731
4
8.39177
4
262.762
3
0.789728
0.545994
1
1.24195
2.5
3.74108
1.03767
3.13694
0.974286
0.05
0.120018
0.0295059
0.557317
0.539944
-0.75
0.0945369
1000
8.73723
1
0
1.5
4
4.07767
4
8.12366
4
259.394
3
0.97198
0.572246
1
0.746517
2.5
3.25528
1
2.64268
0.83684
0.208277
0.381522
0
0.9
0.4874
-0.75
0.0668901
874.86
9.69324
1
0
1.5
4
3.79074
4
7.86299
4
293.779
3
1
0.602962
1
0.682409
2.5
2.98844
1
2.99439
0.982137
0.337659
0.385471
0.0633741
0.753393
0.526704
-0.75
0.0447796
874.888
10
1
0
1.5
4
3.78537
4
7.88833
4
273.28
