3
0.912578
0.492343
0.807181
1.73067
2.35914
1.33046
2.01049
1.23727
0.325764
0.717942
0.948527
0.328532
0.133984
0.0751624
-0.716423
-0.0190903
597.228
6.89733
1
0
1.5
4
4.63559
4
8.29425
4
91.5414
3
0.936306
0.404757
0.715308
1.79632
2.46293
1.10117
1.79102
1
0.2699
0.687514
0.97959
0.415827
0.230187
0.105352
-0.75
-0.0217338
668.794
6.93821
1
0
1.5
4
4.63738
4
8.22038
4
121.846
3
0.934884
0.409085
0.681411
1.72962
2.5
1
1.50487
1
0.323259
0.709184
1
0.532074
0.31997
0.0978143
-0.719631
-0.0238915
659.7
7.75358
1
0
1.5
4
4.57359
4
8.16408
4
127.98
3
0.890051
0.464721
0.718455
1.55134
2.36196
1
1.54794
1
0.337328
0.628943
0.96183
0.449246
0.319769
0.173727
-0.748848
-0.0201899
680.425
8.07646
1
0
1.5
4
4.40611
4
7.95125
4
119.072
3
0.517893
0.967084
0.384099
1.73342
2.06224
4
1.31841
2.73387
0.114682
1
0.21331
0.168016
0.377402
0.311288
-0.75
0.0223112
940.608
10
1
0
1.5
4
4.7184
4
8.13182
4
143.25
3
0.56762
0.887352
0.24501
1.78384
2.34764
2.81439
1.87284
3.37997
0.05
0.987081
0.669049
0.115566
0.600466
0.26192
-0.674408
-0.05
846.143
9.97054
1
0
1.5
4
4.73882
4
8.21882
4
146.982
3
0.489198
1
0.300511
1.48059
2.00886
4
1.28426
3.07404
0.05
0.856103
0.441222
0.109148
0.356516
0.0189792
-0.593622
0.0304966
646.153
8.85397
1
0
1.5
4
4.46979
4
7.77916
4
159.192
3
0.779266
0.283144
0.779724
1.8318
2.5
3.17663
2.94469
1.53207
0.932343
0.638381
0.128905
0.0044857
0.720433
0.627408
-0.656719
-0.0238663
740.73
9.70529
1
0
1.5
4
4.39421
4
7.95708
4
185.72
3
0.71826
0.392073
1
1.88661
2.00017
1.90117
1.33273
1.55174
0.742404
0.0854985
0.05
0.125097
0.482638
0.898438
-0.75
-0.00488361
920.962
7.96211
1
0
1.5
4
4.49694
4
7.88918
4
216.82
3
0.751689
0.42067
0.995713
1.83418
2.02942
1.90025
1.11667
1.32553
0.665496
0.05
0.05
0.190999
0.59589
0.9
-0.75
-0.0088441
931.196
7.63596
1
0
1.5
4
4.50654
4
7.95234
4
221.039
3
0.630514
0.436399
0.751046
1.79899
2.26166
2.13425
1.1893
1.41526
1
0.0936554
0.0981898
0.101067
0.471267
0.896754
-0.75
0.0139891
966.844
9.92921
1
0
1.5
4
4.3659
4
7.815
4
222.874
3
0.674678
0.356261
0.93452
1.87865
1.89034
2.54416
1
1.68615
1
0.05
0.05
0.157901
0.591224
0.782722
-0.75
-0.0370394
1000
8.45452
1
0
1.5
4
4.40959
4
7.59072
4
229.666
3
0.711376
0.292077
1
1.029
2.39296
2.31737
2.04484
1.02003
1
0.500557
0.632143
0.00261172
0.9
0.410916
-0.713827
-0.00510612
720.09
8.8328
1
0
1.5
4
3.53245
4
7.21749
4
240.311
3
0.666404
0.301435
0.934155
1.7707
1.82074
2.6607
1.17056
1.89063
0.968736
0.05
0.166615
0.196911
0.530495
0.886376
-0.690734
-0.0341246
1000
10
1
0
1.5
4
4.23854
4
7.29487
4
260.286
3
0.972589
0.385878
1
1.92154
2.5
2.54269
1.10723
1.90105
0.807542
0.05
0.0802078
0.170713
0.32991
0.801072
-0.75
-0.0130722
928.809
10
1
0
1.5
4
4.78001
4
8.66589
4
258.284
3
0.797833
0.330436
0.967442
2.43884
2.5
3.20913
1.27443
2.1703
0.863818
0.0775685
0.387877
0.0423376
0.185201
0.749601
-0.75
0.0514266
1000
8.27963
1
0
1.5
4
5.06711
4
8.86499
4
241.398
3
0.90778
0.347389
0.992117
2.09735
2.19376
2.81007
1.41563
1.94738
0.776802
0.123312
0.05
0.105492
0.183662
0.868832
-0.583189
-0.0289561
1000
10
1
0
1.5
4
4.85252
4
8.38579
4
280.661
3
0.977451
0.411497
0.95474
0.910973
2.5
3.0006
1.09914
2.24109
0.895002
0.562078
0.269213
0.00169106
0.870159
0.556891
-0.632663
-0.00857089
924.885
10
1
0
1.5
4
3.79992
4
7.66616
4
268.151
3
0.807184
0.404589
1
2.37073
2.43616
2.43429
1.47863
1.84147
0.761869
0.139445
0.0546416
0.192016
0.620988
0.830103
-0.670702
-0.00369885
954.319
8.85131
1
0
1.5
4
5.0825
4
8.92325
4
250.25
3
0.870908
0.384617
1
1.94258
2.42731
2.11395
1.60358
2.03788
0.777208
0.249198
0.0779024
0.0424247
0.436036
0.822522
-0.711786
-0.05
759.97
10
1
0
1.5
4
4.69811
4
8.51003
4
282.289
3
0.810955
0.381381
0.948302
2.28221
2.4962
2.62323
1.36929
1.86193
0.810364
0.202202
0.098959
0.0204009
0.683315
0.796017
-0.722335
-0.00110813
886.506
10
1
0
1.5
4
4.97455
4
8.80043
4
270.262
3
0.935519
0.352993
1
2.21327
2.5
2.43996
1.38528
2.38272
0.847524
0.05
0.05
0.149876
0.470135
0.871962
-0.714887
-0.0468415
822.412
10
1
0
1.5
4
5.00178
4
8.85477
4
299.332
3
0.931075
0.344982
1
2.24683
2.5
2.37086
1.37897
2.07189
0.846222
0.05
0.0564663
0.217251
0.480161
0.9
-0.734208
-0.05
823.808
10
1
0
1.5
4
5.02288
4
8.86786
4
299.146
3
0.793147
0.371293
0.87548
2.26658
2.5
2.90946
1.64479
2.92844
0.877981
0.05
0.0774707
0.140855
0.345568
0.9
-0.75
-0.05
879.197
9.43796
1
0
1.5
4
4.93102
4
8.67779
4
261.951
3
0.979811
0.397053
1
1.79133
2.5
2.29521
1
1.9409
0.752672
0.094983
0.405001
0.11099
0.51737
0.799092
-0.697115
0.0144085
764.464
10
1
0
1.5
4
4.66819
4
8.56525
4
266.001
3
0.743773
0.296824
0.825258
2.17169
2.5
2.79933
1.54531
3.14054
0.867749
0.113954
0.121369
0.0815775
0.427516
0.9
-0.697081
-0.05
921.365
10
1
0
1.5
4
4.71229
4
8.33437
4
305.683
3
0.738829
0.540423
0.967967
1.89161
2.36225
3.94128
1.96343
3.86266
1
0.466303
0.290948
0.0502942
0.377556
0.896921
-0.75
-0.00349427
910.26
10
1
0
1.5
4
4.67087
4
8.54151
4
262.403
3
0.733537
0.376134
0.875842
2.24237
2.44833
4
1.73742
3.69736
0.945586
0.0896099
0.225275
0.0750608
0.389295
0.807778
-0.69215
0.0171764
982.476
10
1
0
1.5
4
4.85204
4
8.55235
4
285.065
3
0.68736
0.329789
1
2.06804
2.07268
2.99153
1.64507
2.32254
1
0.0814285
0.0600824
0.154094
0.20456
0.889393
-0.633326
-0.0161885
780.173
9.44091
1
0
1.5
4
4.58519
4
7.98766
4
295.714
3
0.81955
0.490447
1
2.04256
2.42556
2.03164
1
1.64998
1
0.117962
0.229142
0
0.82632
0.840683
-0.704092
-0.0117914
722.721
7.89049
1
0
1.5
4
4.85255
4
8.76856
4
270.1
3
0.960381
0.399355
0.873718
1.64991
2.5
2.46197
1.33516
2.52235
0.986727
0.26153
0.05
0
0.847436
0.9
-0.739236
-0.05
973.832
8.8252
1
0
1.5
4
4.50965
4
8.28272
4
256.62
3
0.776299
0.570291
1
2.31363
2.31384
2.26634
1
2.23849
1
0.0800125
0.378276
0
0.867272
0.9
-0.75
-0.00927663
751.927
8.06701
1
0
1.5
4
5.16022
4
9.04435
4
252.696
3
0.808686
0.440824
0.924874
2.2577
2.42787
2.81275
1.64697
2.90978
0.972859
0.112919
0.0912629
0.0587317
0.87385
0.9
-0.716528
0.00536485
799.303
10
1
0
1.5
4
5.00721
4
8.80078
4
281.793
3
0.964367
0.46601
1
1.44092
2.5
2.79472
1
3.32428
1
0.354153
0.05
0
0.528983
0.870772
-0.677181
0.0543341
926.347
9.93239
1
0
1.5
4
4.37129
4
8.3373
4
272.906
3
0.982587
0.318162
0.836292
1.70552
2.5
1.99331
1.48255
2.21242
0.963341
0.05
0.05
0.0652808
0.884653
0.839354
-0.592916
-0.0423696
932.189
10
1
0
1.5
4
4.50627
4
8.16072
4
265.37
3
0.913423
0.364633
0.865647
1.79909
2.47526
2.93113
1.36842
2.69838
0.820303
0.355459
0.0995599
0.0204353
0.653828
0.761822
-0.711847
0.087265
949.787
9.44639
1
0
1.5
4
4.57714
4
8.28268
4
255.26
3
0.73285
0.379873
1
1.88695
2.46367
3.07176
1
2.89072
0.727034
0.05
0.0592742
0.216432
0.788442
0.9
-0.72309
0.0192139
711.438
10
1
0
1.5
4
4.49967
4
8.34322
4
244.038
3
0.923933
0.40711
1
1.75794
2.28041
2.85982
1.63065
2.92149
0.937954
0.347992
0.407413
0.247738
0.825186
0.9
-0.676575
0.0212118
845.113
10
1
0
1.5
4
4.58899
4
8.27651
4
248.913
3
0.69306
0.447843
1
1.98513
2.5
3.3843
1.40047
1.82929
0.992865
0.295549
0.05
0
0.637196
0.357613
-0.650487
-0.0346914
1000
9.86377
1
0
1.5
4
4.62603
4
8.57388
4
250.096
3
1
0.472362
0.98064
0.5
2.5
2.2689
1.02365
2.4721
0.922914
0.431241
0.05
0.093987
0.311572
0.345302
-0.75
-0.045613
890.337
10
1
0
1.5
4
3.47236
4
7.42536
4
270.694
3
0.671701
0.466928
0.914207
2.43512
2.47797
3.2401
1.12005
2.74053
0.963643
0.0696416
0.05
0
0.737328
0.828036
-0.746814
0.0407403
947.759
8.25777
1
0
1.5
4
5.07375
4
8.93286
4
275.104
3
0.795673
0.50036
1
2.5
2.5
3.55248
1.05744
3.16311
1
0.262543
0.116473
0.141588
0.559034
0.800176
-0.75
0.0161324
1000
9.86545
1
0
1.5
4
5.29603
4
9.29639
4
281.121
3
0.999495
0.407973
0.961072
0.517387
2.5
2.2168
1.27568
2.75095
1
0.347194
0.05
0
0.31629
0.487114
-0.75
-0.0365019
828.144
10
1
0
1.5
4
3.42485
4
7.2939
4
270.369
3
1
0.432183
0.955021
0.5
2.47795
1.89416
1.07077
2.43296
0.882747
0.34425
0.0578803
0
0.280931
0.49622
-0.73479
-0.05
850.147
9.97812
1
0
1.5
4
3.43218
4
7.29734
4
260.813
3
0.746848
0.38937
1
2.30773
2.26345
2.96384
1.3271
3.24778
0.986496
0.222251
0.240542
0
0.673907
0.87947
-0.732064
0.0177831
903.76
9.56311
1
0
1.5
4
4.94395
4
8.59677
4
288.391
3
1
0.428347
0.982009
0.5
2.5
1.92373
1.25893
2.51156
0.865857
0.396292
0.0513369
0.0204185
0.356599
0.416867
-0.735823
-0.0198437
874.079
9.87174
1
0
1.5
4
3.42835
4
7.3387
4
252.601
3
0.961678
0.367003
0.886417
0.524159
2.5
1.80919
1.40003
1.85388
0.883278
0.115192
0.05
0
0.349612
0.387171
-0.75
-0.0438133
860.304
10
1
0
1.5
4
3.35284
4
7.10626
4
279.262
3
0.804277
0.304683
1
2.2521
2.19376
3.35336
1.57451
2.12375
0.861013
0.05
0.090179
0.0213759
0.380474
0.784504
-0.677428
-0.05
923.87
9.86226
1
0
1.5
4
4.86106
4
8.3595
4
258.203
3
0.681896
0.489892
0.950142
2.0155
2.3265
3.73647
1.10307
2.55592
0.790569
0.240771
0.05
0
0.708252
0.835401
-0.711423
-0.0398612
939.362
10
1
0
1.5
4
4.68729
4
8.45383
4
270.342
3
0.699638
0.411122
1
2.44322
2.5
4
1
2.08512
0.757731
0.0830891
0.05
0
0.300562
0.630208
-0.676636
-0.000461413
961.407
10
1
0
1.5
4
5.05398
4
8.96511
4
290.781
3
0.710747
0.393935
1
2.42085
2.5
3.98992
1.23774
1.88077
0.825234
0.107728
0.05
0.0457159
0.273226
0.667686
-0.675443
-0.00424523
974.653
10
1
0
1.5
4
5.02553
4
8.91947
4
281.721
3
1
0.449308
0.810767
0.509622
2.5
2.37627
1.05732
3.22839
0.916369
0.298808
0.208854
0.00970669
0.338394
0.343602
-0.75
-0.0289035
888.771
10
1
0
1.5
4
3.45893
4
7.219
4
267.367
3
0.635861
0.391873
0.903066
2.5
2.5
3.45551
1
2.26729
0.720874
0.05
0.05
0
0.443425
0.80619
-0.736866
0.0393497
891.625
8.22782
1
0
1.5
4
5.02773
4
8.82267
4
285.739
3
0.638084
0.38896
1
2.5
2.47825
3.64003
1.11483
2.35491
0.699652
0.05
0.0940742
0.255369
0.220204
0.815134
-0.684239
-0.0448431
926.36
9.78947
1
0
1.5
4
5.02704
4
8.89426
4
291.226
3
0.692456
0.332153
0.910808
2.5
2.45867
2.66185
1.84489
2.24691
0.76902
0.05
0.05
0.172051
0.770589
0.880506
-0.710453
-0.0270897
948.047
10
1
0
1.5
4
5.02461
4
8.72624
4
298.497
3
0.670942
0.41589
1
2.5
2.5
4
1.11512
2.36238
0.948959
0.05
0.195046
0.0331996
0.331916
0.705015
-0.75
0.0157935
828.814
8.80918
1
0
1.5
4
5.08683
4
9.00272
4
258.991
3
0.955866
0.496672
0.996461
0.618641
2.5
3.18351
1.20164
2.38701
0.872655
0.150967
0.232554
0
0
0.121707
-0.75
-0.0442527
965.834
9.74138
1
0
1.5
4
3.57118
4
7.56431
4
264.387
3
0.626933
0.373938
0.963687
2.5
2.43899
3.51011
1.34437
1.77717
0.563273
0.14444
0.05
0
0.244519
0.672798
-0.629849
-0.0374351
1000
10
1
0
1.5
4
5.00087
4
8.77748
4
258.774
3
0.926543
0.387935
0.934469
0.719209
2.48432
2.58106
1.48794
2.80315
0.893347
0.443537
0.05
0.0976941
0.805279
0.697932
-0.75
-0.0171438
871.988
10
1
0
1.5
4
3.53369
4
7.34041
4
254.275
3
0.937062
0.395955
1
0.5
2.5
3.18519
1.7586
2.5943
1
0.120314
0.0866392
0.0855383
0.0245785
0.367422
-0.75
-0.047777
941.819
10
1
0
1.5
4
3.33302
4
7.22897
4
265.495
3
0.907506
0.522676
1
0.68341
2.39571
3.43083
1
2.54374
1
0.05
0.304687
0
0
0.263688
-0.75
-0.0476232
918.389
10
1
0
1.5
4
3.61359
4
7.53198
4
257.559
3
0.672269
0.516683
0.874064
2.18176
2.5
3.94899
1
2.15329
0.965487
0.699527
0.0661204
0.0304757
0.305334
0.769544
-0.75
-0.0437251
897.369
10
1
0
1.5
4
4.87071
4
8.76146
4
252.586
3
0.878291
0.402002
1
0.584439
2.38246
2.5906
1.41836
1.79347
1
0.325551
0.0860732
0.0535658
0.0584159
0
-0.75
-0.05
914.866
10
1
0
1.5
4
3.36473
4
7.14919
4
273.975
3
0.921881
0.402558
1
0.783459
2.5
2.05385
1.06462
1.69018
1
0.0550719
0.05
0.0374433
0.238281
0.0908529
-0.684035
-0.05
922.051
9.63077
1
0
1.5
4
3.6079
4
7.51046
4
254.311
3
1
0.369794
1
0.5
2.5
1.45011
1.4298
1.64656
1
0.356741
0.0594828
0.0342569
0.314657
0.0860657
-0.75
-0.05
842.579
10
1
0
1.5
4
3.36979
4
7.23959
4
277.898
3
0.996099
0.368742
1
0.5
2.5
1.30702
1.33701
1.51954
0.925667
0.329167
0.05
0.0475184
0.348432
0.100859
-0.75
-0.0494993
876.275
10
1
0
1.5
4
3.36484
4
7.23358
4
260.074
3
1
0.3728
0.96057
0.5
2.5
1.45775
1
1.33857
0.867191
0.347551
0.05
0.144751
0.336672
0.188512
-0.75
-0.05
883.852
10
1
0
1.5
4
3.3728
4
7.20617
4
284.865
3
0.710806
0.514427
1
2.34904
2.32036
3.64339
1.08356
2.42919
1
0.474542
0.140528
0.134484
0.627368
0.793345
-0.749182
0.0500111
976.463
9.55029
1
0
1.5
4
5.07427
4
8.90907
4
297.115
3
0.802494
0.365996
0.948963
2.12508
2.28209
3.66028
1
1.94929
0.925115
0.870099
0.126757
0
0.632529
0.802993
-0.689222
-0.0341241
971.587
9.42509
1
0
1.5
4
4.79356
4
8.39061
4
267.941
3
0.955648
0.368626
1
0.5
2.45189
2.13922
1
1.67725
0.796742
0.144605
0.124045
0.201273
0.18444
0.15935
-0.724569
-0.0418848
939.981
9.74696
1
0
1.5
4
3.32427
4
7.14479
4
264.994
3
0.979595
0.385898
0.979379
0.550121
2.5
1.55662
1
1.4162
0.959367
0.143822
0.103932
0.0277905
0.444698
0.3004
-0.75
-0.05
835.919
9.80848
1
0
1.5
4
3.41561
4
7.28089
4
272.442
3
1
0.350739
0.941902
0.5
2.5
1.47104
1.01159
1.10273
1
0.05
0.210698
0.0494905
0.542241
0.37511
-0.75
-0.0287838
998.053
8.97078
1
0
1.5
4
3.35074
4
7.14338
4
272.784
3
0.893339
0.334334
0.904412
0.5
2.44248
2.12669
1.21256
1.36409
0.804556
0.0829621
0.302791
0.014394
0.504598
0.328739
-0.75
-0.0287662
983.116
10
1
0
1.5
4
3.22767
4
6.9089
4
268.402
3
0.85918
0.575815
1
1.03798
2.5
3.97523
1.40375
2.67999
0.936989
0.212981
0.252433
0
0.717134
0.314088
-0.75
0.0809352
952.253
9.97982
1
0
1.5
4
3.97297
4
8.04879
4
254.384
3
0.934369
0.375097
0.933991
0.790321
2.5
1.65972
1
1.33155
0.854373
0.0686703
0.05
0.0411345
0.187364
0.475484
-0.643242
-0.0465949
929.768
10
1
0
1.5
4
3.59979
4
7.40887
4
273.721
3
0.9783
0.604308
1
1.0129
2.4834
3.47754
1
2.69868
0.687824
0.0761195
0.0610678
0.0383898
0.272742
0.464218
-0.712804
0.0495666
1000
9.79513
1
0
1.5
4
4.0955
4
8.18322
4
255.234
3
1
0.417345
0.956522
0.5
2.49042
2.69394
1
1.77263
0.966762
0.213949
0.0518176
0.0543557
0.314916
0.373102
-0.743735
-0.0357267
962.652
9.85345
1
0
1.5
4
3.41734
4
7.28163
4
265.175
3
1
0.425699
1
0.5
2.5
2.60765
1
2.54739
0.841011
0.208472
0.0556258
0
0.389508
0.0351913
-0.75
-0.00102237
983.71
10
1
0
1.5
4
3.4257
4
7.3514
4
271.55
3
1
0.391732
0.881646
0.5
2.5
2.56885
1.00126
2.03428
0.865762
0.145764
0.05
0.0187659
0.333478
0.241456
-0.654059
0.0108445
983.041
10
1
0
1.5
4
3.39173
4
7.16511
4
261.249
3
1
0.470634
0.885486
0.5
2.5
3.07386
1.26634
3.34977
1
0.105761
0.05
0.00608384
0.370323
0.055971
-0.75
-0.0265991
949.369
10
1
0
1.5
4
3.47063
4
7.32675
4
286.985
3
0.882475
0.363871
1
0.5654
2.5
2.34534
1.40698
1.99656
0.866099
0.487969
0.05
0.0537996
0.248795
0.741199
-0.686511
-0.05
942.453
10
1
0
1.5
4
3.31175
4
7.17562
4
278.313
3
0.933685
0.4582
0.837926
0.548679
2.5
3.13523
1
2.97794
0.900426
0.102261
0.05
0.0778732
0.388372
0.220947
-0.75
-0.0139752
936.235
9.98136
1
0
1.5
4
3.44056
4
7.23669
4
261.922
3
0.935747
0.40342
1
0.5
2.5
2.8579
1.30766
2.09214
1
0.279049
0.0679587
0.130128
0.342838
0.353704
-0.75
-0.0482153
890.965
10
1
0
1.5
4
3.33917
4
7.24259
4
290.39
3
1
0.43927
0.994076
1.17626
2.15767
2.93408
1
3.85694
0.992909
0.120412
0.203014
0
0.74592
0.899634
-0.679242
0.0926849
1000
9.11176
1
0
1.5
4
4.11553
4
7.70654
4
281.246
3
1
0.49249
1
0.500168
2.5
2.44454
1
2.07547
0.861019
0.307223
0.05
0.0223417
0.347507
0.410412
-0.75
-0.05
861.485
9.68017
1
0
1.5
4
3.49266
4
7.48515
4
260.92
3
0.990817
0.512071
1
0.606755
2.5
2.3513
1
2.00098
0.910013
0.311588
0.05
0
0.380476
0.397381
-0.75
-0.05
921.416
9.99956
1
0
1.5
4
3.60964
4
7.62171
4
249.321
3
0.951641
0.395837
1
1.05748
2.26455
1.93447
1
1.90457
0.985724
0.114071
0.178071
0.0122428
0.747272
0.886322
-0.75
0.0681173
1000
8.93113
1
0
1.5
4
3.90496
4
7.56535
4
268.652
3
0.990965
0.427202
1
1.07703
2.09738
2.93609
1.04045
2.70567
0.803058
0.187024
0.0642058
0.090689
0.640553
0.9
-0.657418
0.0934778
917.826
10
1
0
1.5
4
3.99519
4
7.51977
4
264.675
3
1
0.335335
0.755512
0.5
2.5
1.80128
1.09474
1.95177
0.949463
0.05
0.203981
0.0462631
0.408902
0.465333
-0.73939
-0.0463822
945.019
10
1
0
1.5
4
3.33534
4
6.92618
4
308.788
3
0.917677
0.275047
0.889686
0.604762
2.35775
2.21553
2.32534
1.78028
1
0.132727
0.05
0
0.205081
0.544047
-0.665824
-0.05
963.46
9.33146
1
0
1.5
4
3.29749
4
6.81997
4
240.067
3
0.987849
0.382498
1
1.17565
2.31498
3.09739
1
3.00184
0.761587
0.352193
0.0946475
0
0.9
0.874294
-0.663972
0.0785384
1000
10
1
0
1.5
4
4.046
4
7.74348
4
266.187
3
0.903858
0.425723
1
1.24845
2.5
2.91893
1.40456
2.70074
1
0.389961
0.359437
0
0.68247
0.890725
-0.686813
0.1
901.016
7.53567
1
0
1.5
4
4.07803
4
8.00375
4
251.507
3
1
0.470933
1
1.49512
2.5
2.91338
1
2.96987
0.967026
0.169559
0.05
0.0568841
0.729052
0.9
-0.75
0.0815034
990.801
8.99065
1
0
1.5
4
4.46606
4
8.43699
4
278.057
3
0.932709
0.678884
0.967037
1.52486
2.48967
3.98768
1
3.90279
0.938566
0.104463
0.834538
0.00538159
0.28037
0.573644
-0.713611
0.0682763
971.649
9.85793
1
0
1.5
4
4.63645
4
8.77204
4
293.665
3
0.939971
0.59699
1
1.00732
2.49898
3.34254
1
2.5634
1
0.316618
0.520518
0
0.379566
0.232753
-0.716401
0.0980046
979.211
9.78939
1
0
1.5
4
4.04428
4
8.14025
4
253.265
3
0.976063
0.414702
0.976436
0.621086
2.5
2.25297
1.235
2.30115
0.872233
0.150587
0.05
0.0311734
0.370158
0.265407
-0.739216
-0.05
879.544
9.1971
1
0
1.5
4
3.51185
4
7.40299
4
251.868
3
0.891175
0.307091
0.872264
0.5
2.5
2.61062
1.42385
1.24637
0.872068
0.143055
0.120754
0
0.401824
0.135065
-0.75
-0.04832
871.483
10
1
0
1.5
4
3.19827
4
6.87762
4
255.561
3
1
0.566569
1
1.16846
2.5
3.20198
1.28702
2.11909
0.792828
0.05
0.0534309
0
0.206065
0.424969
-0.703412
0.0907272
944.731
8.96694
1
0
1.5
4
4.23503
4
8.3016
4
247.783
3
0.889704
0.461675
0.976865
0.755041
2.5
3.59631
1.29728
2.12228
1
0.0945226
0.151625
0
0.472128
0.427041
-0.75
0.0486857
1000
10
1
0
1.5
4
3.60642
4
7.54496
4
282.281
3
0.945477
0.411298
0.990184
0.678205
2.5
2.48691
1.04154
1.89427
0.965236
0.05
0.0975619
0.138599
0.750596
0.537898
-0.692164
0.0777108
872.177
9.73656
1
0
1.5
4
3.53498
4
7.43646
4
274.288
3
0.955506
0.566442
0.736915
0.91212
2.5
3.11084
1.21302
3.35521
0.987358
0.167198
0.102487
0
0.21743
0.284263
-0.729714
0.0896685
927.982
9.50218
1
0
1.5
4
3.93407
4
7.73742
4
247.963
