3
0.941778
0.86351
0.619706
0.633881
0.630265
2.4902
2.80494
3.65182
0.418475
0.913449
0.77881
0.715942
0.740192
0.598469
-0.712385
0.0409557
569.704
7.09236
1
0
1.5
4
3.93917
4
6.05265
4
3
0.557073
0.89565
0.358927
0.5
1.11901
2.4951
1.89692
2.62016
0.579618
1
0.177753
0.48214
0.459026
0
-0.649886
0.0808788
800.734
10
1
0
1.5
4
3.45272
4
5.82631
4
3
0.916941
0.480894
0.708621
0.994472
2.1983
1.86538
2.44284
1.8197
0.476513
0.05
0.80681
0.822687
0.479744
0.319245
-0.75
-0.0201585
400
5.99543
1
0
1.5
4
3.89231
4
7.28013
4
3
0.810622
0.914985
0.768462
1.59082
1.73173
3.71049
3.66131
1
0.05
0.403867
0.658538
0.9
0.516434
0.590035
-0.612657
-0.0359089
983.251
10
1
0
1.5
4
4.81642
4
8.2316
4
3
0.845146
0.48954
1
1.7815
2.03155
3.52352
4
1
0.12269
0.241367
0.243807
0.867977
0.464553
0.411666
-0.723208
-0.05
965.472
9.12002
1
0
1.5
4
4.61619
4
8.13728
4
3
1
0.783162
1
1.34892
1.79744
3.52716
2.19436
1.97839
0.105863
0.295216
0.444361
0.778238
0.189477
0.269499
-0.75
-0.05
943.873
9.87399
1
0
1.5
4
4.63208
4
8.21268
4
3
0.846979
0.501484
0.828474
1.61493
2.5
3.72499
2.59486
2.5411
0.133975
0.404396
0.807252
0.52374
0.889973
0.388359
-0.684818
0.0248834
950.641
10
1
0
1.5
4
4.4634
4
8.29335
4
3
0.749078
1
0.809934
1.29925
1.33354
4
3.72851
1
0.05
0.663808
0.302333
0.799102
0.250196
0.837655
-0.631794
-0.0144139
949.294
9.47246
1
0
1.5
4
4.54833
4
7.6918
4
3
0.957305
0.301625
1
1.20612
2.5
3.50596
3.5968
1.28145
0.254006
0.299992
1
0.479784
0.65638
0.285286
-0.556704
0.0107255
1000
10
1
0
1.5
4
3.96505
4
7.76668
4
3
0.52151
0.297379
0.991142
1.88043
2.5
3.71209
4
1
0.05
0.805262
1
0.400825
0.666785
0.304894
-0.75
0.0409515
911.748
7.64305
1
0
1.5
4
4.19932
4
7.98784
4
3
0.883013
0.848164
1
1.62672
2.5
3.74155
1
2.68767
0.378162
0.57681
0.989148
0.577426
0.9
0.60497
-0.749492
-0.0214102
865.671
8.98706
1
0
1.5
4
4.85789
4
9.20606
4
