3
1
0.66152
0.936871
0.5
2.32707
3.31971
1
2.54036
0.989192
0.0964693
1
0
0.866468
0.395776
-0.741891
0.1
630.337
10
1
0
1.5
4
3.66152
4
7.58698
4
3
0.937975
0.622506
0.899892
1.0863
2.39658
3.23632
1
2.46214
0.81116
0.216851
0.978777
0
0.889977
0.17968
-0.700328
0.1
1000
10
1
0
1.5
4
4.14678
4
8.06576
4
3
0.864851
0.505045
0.908214
1.24423
2.5
4
2.25044
2.88333
0.884288
0.537433
0.385567
0.274676
0.14743
0.426321
-0.724224
0.0153677
963.005
9.40488
1
0
1.5
4
4.11413
4
8.02739
4
3
0.994626
0.39713
0.794667
1.18763
2.5
3.39877
1.87574
2.94951
1
0.364318
0.720359
0.0328707
0.0130091
0.657227
-0.737339
-0.00253632
893.608
10
1
0
1.5
4
4.07939
4
7.77119
4
3
0.87493
0.487153
1
1.53081
2.0305
3.15437
2.33401
2.45102
1
0.618104
0.200487
0
0.37977
0.694431
-0.748869
-0.05
1000
9.18034
1
0
1.5
4
4.39289
4
7.91055
4
3
1
0.65665
0.860805
0.5
2.5
4
1
3.12298
0.852278
0.218625
0.886862
0.137517
0.703963
0.374663
-0.74404
0.1
839.542
10
1
0
1.5
4
3.65665
4
7.67411
4
3
1
0.416187
1
0.548888
2.5
3.70182
1.48419
2.95209
0.388802
0.05
0.754571
0.282838
0.9
0
-0.703542
0.1
933.083
10
1
0
1.5
4
3.46508
4
7.38126
4
3
0.802915
0.45489
0.976703
1.58026
2.10106
3.79582
1.30287
2.92201
0.998536
0.948227
0.605731
0.154247
0.500353
0.9
-0.619497
-0.0466193
766.33
10
1
0
1.5
4
4.33806
4
7.87072
4
3
0.910053
0.378751
1
1.38472
1.95214
3.75129
1.70806
3.10519
1
0.708822
0.420244
0.146398
0.419773
0.9
-0.75
-0.00680264
781.461
10
1
0
1.5
4
4.17353
4
7.50441
4
3
1
0.494701
1
1.85448
2.5
3.24842
1.38722
1.67098
0.709933
0.957159
0.05
0.0874476
0.377487
0.644028
-0.75
-0.05
983.533
8.93824
1
0
1.5
4
4.84918
4
8.84388
4
3
1
0.81573
0.912311
1.2114
2.23926
3.10658
1.11063
2.85826
1
0.183711
0.919905
0.0563341
0.54063
0.0994325
-0.75
0.0957448
819.066
10
1
0
1.5
4
4.52713
4
8.49443
4
3
0.967248
0.573585
0.996022
1.14093
2.5
3.43653
1
3.11815
0.747724
0.122284
1
0.0428424
0.772225
0.123296
-0.708278
0.1
1000
10
1
0
1.5
4
4.18176
4
8.25137
4
3
0.893443
0.457119
0.987579
1.00532
2.49986
3.15101
1.56993
3.38441
0.652124
0.994641
0.163063
0
0.47861
0.9
-0.732842
-0.0238144
888.19
7.85221
1
0
1.5
4
3.85589
4
7.80044
4
3
1
0.808371
0.939594
0.812933
2.5
4
1.00238
3.7475
1
0.134372
0.773114
0
0.713164
0.234082
-0.75
0.0995016
881.399
9.99632
1
0
1.5
4
4.1213
4
8.36927
4
3
0.723917
0.350631
0.730932
1.36501
2.31709
3.90598
3.04431
3.03768
0.997427
0.593039
0.168408
0.116084
0.521235
0.59069
-0.614923
-0.05
1000
9.56875
1
0
1.5
4
3.93956
4
7.33821
4
3
0.832335
0.49061
1
1.6362
2.5
3.3183
1.54363
2.30589
0.788651
0.932546
0.127795
0.0815075
0.234549
0.459631
-0.75
-0.05
1000
9.03965
1
0
1.5
4
4.45914
4
8.44975
4
3
0.822321
0.677947
1
1.37762
2.24367
4
1.1614
2.13694
0.866163
0.728617
0.05
0
0.293595
0.539078
-0.719929
-0.0242408
932.509
6.87911
1
0
1.5
4
4.37789
4
8.2995
4
3
1
0.381619
0.984893
1.60613
2.5
3.36011
1.42622
1.59845
0.647229
0.824107
0.359054
0
0.330761
0.517768
-0.75
-0.05
1000
10
1
0
1.5
4
4.48775
4
8.35427
4
3
1
0.724157
0.982392
1.02175
2.33866
3.53986
1.1346
2.33891
0.755979
0.0772982
1
0.00530862
0.837983
0.114108
-0.75
0.0654032
818.37
9.11506
1
0
1.5
4
4.24591
4
8.29111
4
3
1
0.504828
0.843708
0.5
2.5
3.46705
1.44013
2.46723
0.364911
0.182589
0.867951
0.00206694
0.840698
0.358946
-0.75
0.1
1000
10
1
0
1.5
4
3.50483
4
7.35336
4
3
0.879911
0.710874
0.928776
1.08311
2.28541
3.8504
1
2.20423
1
0.259236
0.862385
0.153661
0.584311
0.465429
-0.75
0.0610936
600.119
9.71242
1
0
1.5
4
4.17389
4
8.09895
4
3
1
0.451687
1
1.25183
2.24489
3.71479
2.64057
2.27223
0.972848
0.569933
0.538767
0.0961121
0.513692
0.887964
-0.712683
-0.0454296
949.004
7.66507
1
0
1.5
4
4.20352
4
7.9001
4
3
0.858954
0.392886
1
1.31271
2.5
3.39101
2.63621
2.01089
0.720573
0.813706
0.165945
0.263297
0.541323
0.474652
-0.75
-0.0378167
930.349
10
1
0
1.5
4
4.06456
4
7.95744
4
3
0.840497
0.317431
0.878597
1.4594
2.45497
3.72137
2.88466
3.05371
1
0.930736
0.140584
0.0189165
0.375943
0.732276
-0.75
-0.05
978.103
8.42394
1
0
1.5
4
4.11733
4
7.76833
4
3
0.758983
0.62312
0.904304
0.612346
2.5
4
1.07602
2.26102
0.496929
0.136989
0.796778
0
0.692353
0.354567
-0.75
0.0736102
1000
10
1
0
1.5
4
3.49445
4
7.52187
4
