3
0.9534
0.949316
0.979646
0.2
0.680446
0.67425
0.5
1.80259
1.21941
0.508403
2.78882
2.29908
1.2556
4
2.28163
0.459287
0.200209
0.749346
0.203394
0.261993
0.05
0.799196
0.330155
0.565881
0.540069
0.459287
0.200209
0.749346
0.203394
0.261993
-0.450337
0.0355024
1000
10
1
0
1.5
4
3.5
4
5.5
4
3
0.893467
0.844125
0.75724
0.679624
0.465443
0.671322
1.13529
1.34494
0.530967
0.694157
3.00581
1.89235
1.12228
3.24324
4
0.300917
0.176481
0.568749
0
0.52675
0.05
0.933904
0.704843
0.28633
0.367831
0.300917
0.176481
0.568749
0
0.52675
-0.701606
-0.00769243
949.698
10
1
0
1.5
4
3.5
4
5.5
4
3
0.714491
0.963268
0.779971
0.203836
0.799205
0.745778
0.866771
0.5
1.24322
2.05889
3.89606
1.88548
1.38766
1.25673
3.70654
0.22424
0.26805
0.9
0.0995458
0.465661
0.19499
0.995321
0.05
0.166526
0.720292
0.22424
0.26805
0.9
0.0995458
0.465661
-0.675559
0.0475365
1000
8.60628
1
0
1.5
4
3.5
4
5.5
4
3
0.836144
0.962745
0.92932
0.687995
0.550784
0.5
0.912239
1.69204
0.955718
0.591618
2.33304
1.67604
1
3.31808
1.60245
0.507629
0
0.9
0.392677
0.134811
0.05
0.876508
0.466444
0.7538
0.138517
0.507629
0
0.9
0.392677
0.134811
-0.697586
0.0297823
578.985
10
1
0
1.5
4
3.5
4
5.5
4
3
0.578694
0.900404
0.570511
0.42536
0.376933
2.5
0.511199
1.46479
1.90159
0.532365
3.90447
2.18363
1.21282
3.57015
3.29315
0.217085
0.104531
0.9
0
0.656142
0.10117
1
0.5203
0.81477
0.458856
0.217085
0.104531
0.9
0
0.656142
-0.75
0.0197854
916.46
10
1
0
1.5
4
3.5
4
5.5
4
3
0.763511
0.843233
0.759442
0.507539
0.639947
0.5
0.987634
1.19179
1.17965
0.5
2.68475
1.74008
1.32572
2.2571
3.78433
0.325067
0.117448
0.876611
0.0898481
0.345642
0.05
1
0.937076
0.811801
0.304914
0.325067
0.117448
0.876611
0.0898481
0.345642
-0.75
0.0272872
935.847
9.0881
1
0
1.5
4
3.5
4
5.5
4
3
0.818024
0.988142
0.921942
0.2
0.66575
0.968195
1.12546
0.879522
1.22022
1.74811
3.3329
1.69548
1.54528
1
3.02188
0.273684
0.121059
0.9
0.335244
0.264131
0.13797
0.949375
0.375106
0.713907
1
0.273684
0.121059
0.9
0.335244
0.264131
-0.53893
-0.0236848
1000
10
1
0
1.5
4
3.5
4
5.5
4
3
0.795335
1
0.942745
0.274558
0.350985
0.516353
0.903702
0.914003
1.03195
2.00701
3.36488
2.8192
1.05133
1
2.44256
0.339351
0.198987
0.852372
0.184635
0.693875
0.0818965
1
0.05
0.05
0.189282
0.339351
0.198987
0.852372
0.184635
0.693875
-0.678184
0.063209
973.722
8.6456
1
0
1.5
4
3.5
4
5.5
4
3
0.524215
1
0.701897
0.375992
0.2
1.9382
0.5
1.4675
1.92651
0.5
4
1.63896
1
3.72929
3.12432
0.292894
0.141417
0.823023
0.147693
0.743035
0.131938
0.854475
0.537553
0.806667
0.417515
0.292894
0.141417
0.823023
0.147693
0.743035
-0.743652
0.0583975
870.369
8.85414
1
0
1.5
4
3.5
4
5.5
4
3
0.876091
0.970094
1
0.258665
0.503737
1.41926
1.64444
0.622999
1.46342
1.72478
2.94283
2.94933
1
1.66227
2.94795
0.515414
0.0623116
0.883068
0.0618082
0.752477
0.05
0.698384
0.121511
0.141495
0.218986
0.515414
0.0623116
0.883068
0.0618082
0.752477
-0.75
0.0236893
920.905
9.53844
1
0
1.5
4
3.5
4
5.5
4
3
0.876733
1
0.681651
0.462908
0.658067
0.588787
1.05934
0.972673
0.817726
0.5
2.23577
1.46513
1
2.95062
3.19872
0.419188
0.182145
0.9
0
0.38173
0.05
1
0.459044
0.916351
0.153746
0.419188
0.182145
0.9
0
0.38173
-0.692798
0.0408048
775.23
10
1
0
1.5
4
3.5
4
5.5
4
3
0.656072
1
0.737655
0.2
0.326921
0.5
0.525566
0.699211
1.38319
1.85764
3.56505
3.58629
1.07886
1.37368
2.27657
0.460329
0.206411
0.696321
0.000573009
0.719307
0.05
1
0.296351
0.0915751
0.05
0.460329
0.206411
0.696321
0.000573009
0.719307
-0.664654
0.0250887
966.511
9.51967
1
0
1.5
4
3.5
4
5.5
4
3
0.848334
0.62549
1
0.449954
0.420115
2.2745
0.656452
0.5
1.53624
0.930669
4
2.96658
1
4
3.74875
0.397223
0
0.86588
0.0594154
0.783956
0.236244
0.834832
0.428288
0.91362
0.281946
0.397223
0
0.86588
0.0594154
0.783956
-0.688917
0.076158
990.841
7.94475
1
0
1.5
4
3.5
4
5.5
4
3
0.852167
0.900443
0.891018
0.2
0.5901
0.580049
0.622035
1.01162
1.11212
1.782
2.84638
2.79196
1
1
3.40458
0.390703
0.0973432
0.9
0.00987206
0.631325
0.05
1
0.501549
0.389831
0.722581
0.390703
0.0973432
0.9
0.00987206
0.631325
-0.677394
-0.0257645
1000
10
1
0
1.5
4
3.5
4
5.5
4
3
1
1
0.791021
0.422477
0.748067
0.5
0.797129
2.01797
0.5
0.5
1.82875
2.73079
1.22121
4
3.38393
0.615891
0.12919
0.890333
0.0601692
0.648242
0.0611727
1
0.311426
0.493661
0.115204
0.615891
0.12919
0.890333
0.0601692
0.648242
-0.713153
-0.00994567
1000
7.7887
1
0
1.5
4
3.5
4
5.5
4
3
0.633173
0.878876
0.897644
0.37348
0.786525
0.89259
0.878982
0.5
2.03194
2.43492
3.66023
2.43877
1
1.4495
2.71186
0.112383
0.276159
0.9
0.354703
0.618399
0.279157
0.879868
0.05
0.155187
0.916774
0.112383
0.276159
0.9
0.354703
0.618399
-0.75
0.0429696
963.758
9.14772
1
0
1.5
4
3.5
4
5.5
4
3
0.754344
1
0.831404
0.331089
0.91896
0.913639
1.1511
0.969936
1.27051
2.32949
4
1.97552
1.30515
1.58976
2.92656
0.291259
0.262061
0.9
0.0725155
0.467115
0.255814
1
0.05
0.230517
0.664508
0.291259
0.262061
0.9
0.0725155
0.467115
-0.75
0.0135904
972.814
9.20254
1
0
1.5
4
3.5
4
5.5
4
3
1
1
0.839442
0.640982
0.399583
1.95538
0.543537
2.07957
1.41444
0.986239
2.15395
2.67995
1.21619
4
3.77408
0.516636
0.424832
0.496599
0
0.675644
0.0853859
1
0.36346
0.05
0.541128
0.516636
0.424832
0.496599
0
0.675644
-0.75
0.00909662
908.84
10
1
0
1.5
4
3.5
4
5.5
4
3
0.940745
0.964661
0.91593
0.429234
0.218328
1.06525
1.20493
2.06272
0.727744
0.5
2.73139
2.97081
1
2.3833
2.51957
0.557091
0.145976
0.624296
0.34846
0.195274
0.18051
1
0.161502
0.168273
0.132352
0.557091
0.145976
0.624296
0.34846
0.195274
-0.655111
0.0219535
823.226
9.63551
1
0
1.5
4
3.5
4
5.5
4
3
0.760981
0.923556
0.725227
0.591727
0.402282
2.15744
0.758324
1.33042
1.98299
0.733865
3.76012
2.82314
1.54888
3.10669
2.49919
0.239192
0.148442
0.845344
0.15849
0.685823
0.05
0.882109
0.62376
0.829926
0.15335
0.239192
0.148442
0.845344
0.15849
0.685823
-0.75
-0.0344628
938.806
8.38793
1
0
1.5
4
3.5
4
5.5
4
3
0.620097
0.884365
0.787106
0.28026
0.56629
2.35995
0.5
1.4782
1.66674
0.5
3.25691
2.79358
1.10686
3.8128
2.60874
0.0247457
0
0.888323
0.218981
0.9
0.112805
0.889098
0.448511
0.903975
0.477074
0.0247457
0
0.888323
0.218981
0.9
-0.743243
0.0353739
1000
9.9493
1
0
1.5
4
3.5
4
5.5
4
3
0.753164
0.903775
0.837084
0.423932
0.854293
0.861748
0.521222
0.823858
1.22601
1.91104
3.354
2.11616
1.7289
1.60199
3.00896
0.326101
0.238325
0.9
0.240936
0.434742
0.05
0.71009
0.181833
0.155725
0.641396
0.326101
0.238325
0.9
0.240936
0.434742
-0.75
0.0268146
922.566
7.54324
1
0
1.5
4
3.5
4
5.5
4
3
0.778579
0.745773
0.950235
0.320744
0.338337
2.29894
0.5
0.573324
1.02737
0.65149
3.9604
2.71571
1
3.74397
3.8899
0.457683
0.294091
0.9
0.201872
0.676851
0.05
0.908699
0.548031
0.850977
0.0576299
0.457683
0.294091
0.9
0.201872
0.676851
-0.75
0.0387833
875.603
10
1
0
1.5
4
3.5
4
5.5
4
3
1
1
0.954923
0.416487
0.375131
0.548155
1.60214
2.24554
0.5
0.5
2.85304
3.76556
1
1.93106
2.50952
0.439495
0.121091
0.880437
0.311854
0.422813
0.147647
0.925251
0.05
0.229723
0.348764
0.439495
0.121091
0.880437
0.311854
0.422813
-0.652442
-0.0220364
1000
7.98915
1
0
1.5
4
3.5
4
5.5
4
3
0.894408
1
0.949029
0.552974
0.726376
0.715798
1.30721
0.5
0.911972
0.688256
2.82242
2.02745
1.60982
2.37224
3.80958
0.178881
0.0741668
0.756825
0.132509
0.512347
0.05
0.899354
0.306293
0.924735
0.169555
0.178881
0.0741668
0.756825
0.132509
0.512347
-0.644967
0.0595394
801.569
10
1
0
1.5
4
3.5
4
5.5
4
